76 36 16 36 16 36 15
56 24 15 24 15
50 30 17 30 17
42 32 21
121 60 36 60 31 60 39
50 34 14
68 30 19 30 22 30 19
97 60 35 60 30
54 41 15 41 27
42 31 15 31 13
95 52 29
62 44 22 44 21
118 49 28 49 16 49 26
124 24 12 24 12 24 14
73 42 16 42 21
32 21 12 21 12
57 34 11 34 18 34 17
52 29 12 29 16
76 34 23 34 20 34 19
93 41 14 41 19 41 19 41 21
67 47 29
42 31 15 31 14
69 54 19
37 19 13 19 13 19 12
105 83 30 83 49
46 37 14 37 14
78 47 31
80 56 28
54 23 12 23 14 23 14
78 43 22 43 19 43 21
55 29 16 29 18
118 59 27 59 24 59 17 59 20
179 64 37
28 22 11
142 64 55 64 52 64 34
49 35 19 35 17
47 32 16 32 14
123 75 43 75 35 75 40
103 66 29 66 27
43 19 12 19 14 19 12
84 58 27 58 23 58 31
127 42 23 42 19 42 26
55 40 24 40 25
82 50 26 50 25
45 30 12 30 14
97 38 17 38 21 38 25
121 42 16 42 22
40 30 15 30 16
101 63 24 63 40
64 33 20 33 18 33 17
44 32 13 32 16
42 26 13 26 12
118 88 53 88 61
132 22 16 22 13 22 12
24 16 11 16 11
31 23 12 23 12
103 63 32 63 27 63 24
60 44 28
63 23 14 23 12 23 15
90 42 29 42 23 42 20
63 33 18 33 22 33 17
47 17 12 17 12 17 11
56 37 22
62 35 14 35 13
26 25 22
63 36 11 36 17
90 65 25 65 29
105 72 22 72 29
34 28 15 28 13
78 34 13 34 16 34 21
92 39 22 39 20
36 29 17 29 18
77 32 25 32 24 32 19
52 35 25
47 23 13 23 14 23 13
46 29 14
45 32 13 32 11 32 12
58 45 16 45 16 45 12
94 46 24 46 20
70 52 13 52 19
42 33 13
56 33 17 33 17
35 29 17
114 45 25 45 20 45 19
55 38 15 38 19 38 14
89 64 42 64 25
103 32 16 32 18
98 43 19 43 20 43 14
118 73 40
76 34 18 34 20 34 16
61 49 15 49 11 49 19
41 30 14 30 16
41 29 15 29 16
182 41 15 41 22 41 22
35 25 16
110 95 40 95 43
35 29 15 29 13
64 36 14 36 13 36 20
75 32 14 32 17 32 13
62 42 18 42 22
118 63 36 63 35 63 42
76 51 16 51 17 51 18 51 15
56 26 18 26 17 26 20
78 30 14 30 11 30 12 30 17
111 57 26 57 29
87 40 24 40 17
113 37 12 37 12 37 17
33 30 15 30 15
78 36 20 36 14 36 20
35 29 12
59 35 18
55 38 17 38 21
63 34 14 34 17
68 30 16 30 16 30 16
40 30 14 30 13
126 73 36 73 24
27 22 15
102 62 37 62 27
70 43 23
34 23 15
47 33 14 33 20
92 57 35
124 27 18 27 16 27 17
27 20 14
101 52 27 52 26 52 34
46 29 14 29 17
67 38 17 38 13 38 19
55 42 15 42 19
55 45 16 45 18
114 38 15 38 15 38 17
45 30 12 30 12
84 34 23 34 12
44 33 19 33 19
77 49 24 49 28
78 47 23 47 17 47 21
63 45 29 45 28
78 31 19 31 18 31 17
62 24 15 24 12 24 15
52 41 20 41 21
195 73 56 73 49
155 81 49 81 41 81 47
25 22 14
78 58 34 58 33
54 25 15 25 12 25 14
146 68 24 68 21 68 30 68 32
48 27 11 27 18
34 29 14 29 15
90 45 16 45 14
53 43 21
194 37 15 37 13 37 17
139 50 45 50 36 50 43
166 25 17 25 21 25 18
92 29 19 29 19 29 17
63 34 21 34 17 34 18
81 60 23 60 20
146 30 15 30 17 30 20
127 60 24 60 30 60 36
82 31 20 31 19 31 15
126 61 27 61 35 61 43
31 23 13 23 14
124 72 34 72 34
55 47 27 47 29
141 93 38 93 38
51 33 15 33 15
89 66 30 66 41
75 46 15 46 14
142 58 31 58 21 58 19
54 25 15 25 15 25 11
42 29 16
58 29 11 29 11 29 11
39 29 12 29 15
72 50 15
113 49 36 49 34 49 34
36 20 11 20 11 20 13
106 39 21 39 23 39 19
64 39 16 39 17
39 29 11 29 12 29 11
118 91 35 91 34 91 35
67 55 26 55 21
43 20 12 20 11 20 11
184 47 31 47 23 47 20
161 66 21 66 21 66 21 66 19
69 49 20 49 22
39 29 21
112 39 18 39 19 39 17
65 32 16 32 13 32 18
283 104 71 104 50
78 32 21 32 17 32 23
125 78 30 78 32 78 35
55 24 13 24 14 24 12
36 24 13 24 13
97 42 16 42 13
61 34 17 34 18 34 18
58 32 21
85 41 27 41 22
119 38 16 38 17
134 31 12 31 13 31 12
39 30 14 30 12
90 68 36
33 24 11 24 13
55 35 15 35 17
63 52 30
40 25 14 25 14
32 22 11 22 14
111 52 33 52 36 52 32
40 30 17
89 32 12 32 13 32 13
45 21 11 21 11
82 33 17 33 12 33 16
77 61 41
91 54 38 54 41
40 29 12 29 13
35 27 11
37 20 11 20 11
42 22 11 22 12
61 48 13
147 109 56 109 67
28 21 15
41 28 17 28 18
79 34 19 34 20
81 61 30 61 42
78 31 18 31 18 31 19
38 25 14 25 16
88 61 28 61 17 61 20
79 56 22 56 20 56 16
84 35 22 35 19 35 19
81 63 32
77 23 17 23 19 23 19
215 37 25 37 18 37 33
74 48 21
118 96 61
194 52 29 52 26 52 37
81 51 18 51 19 51 19
101 73 30 73 32
152 40 21 40 19 40 17
75 59 30 59 41
39 28 14 28 16
39 25 12 25 11
84 52 31 52 35
42 28 26
77 35 16 35 19 35 16
98 48 26 48 22
112 37 17 37 23 37 21 37 28
190 72 44 72 43 72 43
126 47 20 47 25 47 18
177 32 16 32 13 32 12
110 86 31
30 22 12 22 14
35 33 17 33 13
87 57 30 57 20
55 40 23 40 22
101 82 39 82 46
159 53 24 53 23 53 26
53 46 31
54 41 13 41 25
60 50 18 50 21
40 29 12 29 14
103 30 18 30 23 30 18
97 38 26 38 25
93 58 42 58 28
69 55 28 55 27
48 33 13 33 17 33 15
62 41 22 41 21
55 28 12 28 14 28 17 28 17
47 37 32
86 55 28 55 27 55 24
63 38 19 38 14
126 35 28
72 60 29 60 21
49 33 23 33 22
35 28 18
38 29 17
57 31 14 31 18 31 19
25 20 16
48 30 17
50 32 12 32 14
43 26 11 26 11
42 29 21 29 19
148 48 26 48 26 48 24
147 58 26 58 23 58 26
111 40 22 40 21 40 14
72 33 17 33 11 33 12
79 47 22 47 14 47 16 47 14
34 30 14 30 14
40 29 16 29 14
42 27 16 27 16
53 35 17 35 18
38 24 17
61 48 16 48 22
67 39 14
31 29 12 29 12
91 31 22 31 21 31 21
89 26 15 26 16 26 20
46 30 18 30 21
41 26 13 26 12 26 11
47 29 20 29 22
91 47 24
56 42 22 42 15
17 16 16
69 41 13 41 19 41 20
54 36 23 36 20
46 36 13 36 14
76 62 37 62 35
121 29 16 29 15 29 20
71 50 23 50 21
73 59 30 59 27
75 46 15 46 26 46 22
62 45 24 45 28
67 51 32 51 31
98 69 24 69 31
131 89 35 89 48
42 31 16
42 37 14 37 14
46 36 18 36 20
61 37 17 37 23
82 43 22 43 22 43 27
98 63 19 63 16 63 15 63 13
153 56 28 56 28 56 19
26 18 11 18 12
32 22 11
84 44 15 44 19
32 22 12
36 27 13 27 12
31 21 12
48 42 30
91 60 26
79 61 30 61 32
62 41 23 41 23
52 33 12 33 15 33 15
69 28 20 28 20 28 17
104 49 24 49 25 49 21
44 30 15 30 11
146 28 24 28 12 28 18
82 63 15 63 26 63 21
190 37 23 37 22 37 19
51 26 15 26 18 26 13
72 38 18 38 12 38 16
142 65 35 65 25 65 37
166 70 44 70 39
102 77 25 77 41
48 30 17 30 13
49 36 21
119 49 25 49 26 49 20 49 23
59 29 14 29 13 29 13
223 129 66 129 71
68 38 20 38 21 38 21
59 37 17 37 15 37 17
55 35 11 35 12 35 16
159 46 21 46 20 46 19
28 20 13
71 28 17 28 17
32 20 16 20 13
28 23 12
41 26 14 26 14
76 59 43
30 25 14 25 14
68 36 15 36 18
84 51 31 51 30
70 51 18 51 17 51 20
76 43 11 43 15 43 18
117 25 14 25 14
85 38 21 38 24
68 42 23 42 22
84 39 21 39 21
86 47 28 47 28 47 21
75 41 20 41 23
104 79 23 79 28 79 33
75 31 15 31 11 31 15
55 36 22 36 21
53 36 13 36 11
134 49 19 49 28 49 35
56 28 16 28 16 28 16
68 58 24
75 50 29 50 27
76 37 30 37 33
125 35 16 35 13 35 19
119 87 48
48 35 13 35 14
82 61 23 61 20
56 25 15 25 11 25 11
50 26 14 26 16 26 14
177 71 40 71 34 71 36
52 31 22 31 20
82 30 14 30 18 30 19
65 41 20 41 17
146 44 27 44 33
143 99 68 99 59
72 43 20 43 26 43 21
84 57 24 57 25
33 17 11
49 37 16 37 19
53 25 14 25 17
84 33 18 33 20 33 18
126 67 30 67 23 67 23
112 63 31 63 26
54 38 17 38 12
34 28 12
67 48 17 48 13
74 46 18 46 22
77 49 15 49 19
39 35 16 35 17
39 34 18 34 12
52 38 18 38 14
68 43 19 43 19 43 13
144 90 28 90 55
28 23 12
52 39 22 39 21
64 48 17 48 17
31 20 17 20 12
48 38 13 38 18
77 45 21 45 24
32 19 12
86 55 15 55 12 55 18
60 34 15 34 19
28 20 14
58 39 25
65 38 17 38 16 38 12
65 43 21 43 22
70 62 21 62 32
104 41 21 41 13 41 11
77 44 23 44 21
79 39 17 39 17 39 19
33 26 12 26 12
93 37 22 37 21 37 22
91 63 20
57 50 27 50 20
42 22 11 22 11
79 30 11 30 15 30 15
83 34 22 34 21 34 18
97 33 18 33 16 33 11
82 61 32
37 22 12 22 12
83 25 17 25 17 25 17 25 19
48 28 18 28 15
124 75 32 75 32 75 35
76 38 15 38 22 38 21
83 49 27 49 19 49 32
59 46 13 46 18 46 18
39 24 12 24 12
69 49 27 49 27
54 28 11 28 11 28 12
81 33 14 33 14 33 13
27 18 12 18 13
42 28 12
77 54 25 54 27
39 29 19
56 35 15 35 15
67 38 12 38 15 38 20
147 76 49 76 42 76 56
184 46 24 46 23 46 25
161 85 56 85 51 85 65
133 43 20 43 32
140 43 27 43 31 43 31
48 38 19
40 28 14
67 51 28 51 31
46 37 22 37 18
85 27 15 27 14 27 15
99 48 22 48 27 48 29
69 31 12 31 19
40 28 11 28 14 28 16
49 20 12 20 11 20 11
45 33 14 33 13
78 43 19 43 12 43 16
40 31 18 31 18
52 31 20 31 21
41 35 19 35 20
45 37 18 37 20
229 53 33 53 35 53 24
91 58 14 58 33
124 26 15 26 18 26 17
75 43 15 43 12
69 46 28 46 22
48 34 25
55 37 11 37 11 37 20
73 49 28 49 30
92 59 17 59 19 59 22
61 34 16
104 65 39 65 35
73 49 29 49 19
83 55 21 55 21 55 26
115 56 11 56 28
42 26 15
35 24 13 24 15
114 56 31 56 21 56 26
83 39 14 39 22 39 21
48 25 16 25 12 25 14
173 101 50 101 43
48 40 23 40 18
171 60 16 60 23 60 16 60 29 60 25
70 41 19 41 25
93 46 31 46 36 46 38
149 55 35 55 29 55 30
55 40 20
76 45 27 45 20 45 24
83 45 19 45 13 45 17
135 70 55 70 37 70 39
89 60 30 60 37
97 43 20 43 19
27 23 12
74 56 30 56 33
42 34 20 34 21
49 36 16 36 15
105 67 15 67 31 67 35
51 37 15 37 15
46 25 17 25 16
40 32 20 32 12
138 53 34 53 30 53 31
117 45 26 45 27
41 20 13 20 13
32 27 14
81 55 18 55 24
106 26 11 26 13 26 18
103 40 21 40 23 40 18
80 56 20 56 30
62 47 23 47 23
86 42 28 42 29 42 24
58 37 18 37 19
68 46 19 46 20
25 20 12
54 39 26
97 71 45 71 40
49 28 21 28 18 28 16
62 49 13 49 19 49 19
137 64 31 64 16
53 39 18 39 18
70 48 16 48 19
103 57 36 57 28
78 50 28 50 18 50 17
103 43 25 43 27 43 24
52 38 15 38 13
38 29 15 29 15
49 38 25
71 55 19 55 30
63 43 16 43 12 43 18
35 25 24
49 33 18
45 27 13 27 12 27 11
56 30 14 30 19
40 30 13 30 12
35 27 16 27 12
69 40 19 40 15 40 24
45 28 11 28 17
112 95 53
91 55 28 55 30
177 53 31 53 39 53 39
103 63 31
124 43 28 43 16 43 21
48 32 11 32 21
68 36 23
86 33 20 33 25
46 28 12
73 50 25 50 19
70 24 20 24 20 24 19
119 51 28 51 31 51 31
145 128 55 128 40
69 45 27 45 32
34 28 17
59 43 25 43 28
47 28 19 28 13
51 42 15 42 16 42 16
107 47 32 47 26 47 27
30 26 12 26 11
89 54 19 54 13 54 27
125 39 16 39 22 39 24
73 53 27
45 33 23 33 15
77 36 15 36 19 36 17
119 54 31 54 27 54 26
154 51 36 51 41
32 24 13 24 16
47 34 16 34 15
41 32 18 32 20
41 32 13 32 15
117 85 49 85 46
65 41 16 41 23 41 23
203 73 31 73 33 73 22 73 35
42 25 18 25 19
35 31 15 31 20
131 44 27 44 20 44 25
63 32 21 32 14 32 16
63 45 22 45 22 45 22
54 34 17 34 14
34 27 14 27 20
72 30 12 30 12
55 48 25 48 24
77 31 11 31 15 31 19
54 42 18 42 18
42 28 15 28 18
49 41 24 41 25
55 41 19 41 21
84 44 18 44 18
28 21 13 21 14
90 53 13 53 16 53 16
41 29 13
83 63 28 63 26
79 42 16 42 14 42 24 42 25
88 47 11 47 14
177 112 57 112 42 112 50
71 61 39
59 37 13 37 18 37 16
119 85 39 85 45
69 49 23 49 28
62 37 20 37 17 37 17
57 31 16 31 17 31 16
35 24 15
68 56 28
72 45 26 45 20 45 22
33 24 12
41 30 13 30 14
56 43 19 43 16
83 46 29 46 28
60 42 20 42 20
47 36 16 36 19
76 62 26 62 31
49 33 16 33 16 33 16
72 44 18 44 19
65 39 13 39 19
56 38 36 38 26
82 34 15 34 21 34 22 34 22
75 38 22 38 23 38 15
42 29 16
92 47 28 47 27 47 29
99 39 23 39 18 39 21
62 28 14 28 13 28 14
113 45 25 45 31 45 29
35 27 13
32 24 14 24 11
42 36 24
55 41 15
46 26 14
64 42 18 42 19
86 53 25 53 24
40 27 16 27 14
54 31 18 31 20
142 29 18 29 21 29 16
101 54 23 54 22
40 29 13 29 21
138 38 20 38 20 38 23
57 36 20 36 18
111 37 27 37 26
38 32 15 32 22
35 22 12
64 42 20 42 17 42 17
53 30 11 30 20 30 17
117 71 33 71 33
175 128 42 128 78
38 28 19 28 18
65 35 25 35 20 35 28
54 36 21 36 20
86 40 19 40 21 40 19
134 101 42 101 31 101 40
48 40 20 40 22
48 41 27
86 33 13 33 13 33 14
64 31 20 31 18 31 20
66 44 28 44 34
106 35 25 35 12 35 19
50 28 13 28 12
95 69 32 69 32
35 26 11
81 62 33 62 27
45 34 13 34 16
45 30 22
27 18 14
42 31 18
238 58 20 58 24 58 22 58 32
121 44 11 44 14 44 12
75 52 33 52 40
113 65 46
75 36 25 36 24
45 32 15 32 16
76 36 11 36 11 36 21
90 35 18 35 15 35 16
53 42 15
89 38 18 38 17 38 18
87 51 29
32 25 11 25 19
90 36 23 36 23 36 21
96 67 28 67 39
45 41 22
63 30 19 30 16
103 67 32 67 37 67 40
96 52 31
54 46 31
84 61 28 61 28
57 16 11 16 12
119 65 43 65 41
71 33 22 33 21 33 22
92 26 17 26 20
113 48 36 48 34
74 41 15 41 18 41 19
37 31 11
47 25 15 25 15
57 30 15 30 19
63 32 18 32 13 32 14
54 41 12 41 18 41 17
71 37 20 37 19 37 24
55 37 15 37 22 37 21
47 36 13 36 15 36 17
70 56 31 56 28
68 38 12 38 13 38 14
57 40 25
69 33 11 33 12
39 38 18 38 15
96 27 17 27 13 27 13 27 15
71 33 15 33 22 33 21
77 63 29 63 28
47 36 26
63 39 12 39 16 39 18
226 43 19 43 22 43 19
42 25 12 25 17
135 30 18
51 28 18 28 19
54 32 14 32 12 32 15
88 69 24 69 26
82 33 26 33 24 33 23
69 32 15 32 20 32 21
132 31 14 31 16 31 16
83 62 33 62 40
38 19 11 19 11
83 37 26 37 15
147 24 16 24 16 24 17
25 18 12
90 45 18 45 14
44 26 15 26 13 26 11
33 21 12 21 12
41 32 19 32 17
56 35 20 35 12
207 170 112
69 46 18 46 31
140 48 32 48 25 48 31
54 35 11 35 15
27 20 12
103 53 18 53 22
28 22 12 22 12
98 29 14 29 17 29 16
86 40 16 40 15 40 15 40 12 40 15
122 70 35 70 43
92 42 20 42 18 42 14 42 20
49 38 17 38 15
55 35 11 35 21
159 113 70 113 53
69 30 11 30 17
43 34 14 34 16
105 34 17 34 19 34 25
54 35 15
33 25 14 25 15
80 54 20 54 18
47 36 21
93 52 18 52 27 52 31
48 26 14 26 16
71 29 14 29 23 29 25
62 36 23 36 11
32 22 15 22 12
35 28 13 28 11
110 46 24 46 23 46 20
92 31 13 31 11 31 14
41 30 19
57 37 18 37 21
52 46 20
65 36 12 36 18 36 15
97 67 30 67 19
112 48 22 48 21 48 21
27 21 11
71 56 22 56 24
75 48 36
40 27 11 27 11
146 67 35 67 42
48 31 20 31 12
41 29 23
83 75 34 75 32
82 56 33 56 38
55 27 11 27 12 27 13
113 62 37 62 36 62 29
54 45 23 45 27
51 30 14 30 15 30 17
41 32 16
72 31 16 31 17 31 19
133 85 23
47 35 15 35 17
69 45 17 45 21
41 17 12 17 12
60 41 26 41 27
53 40 16 40 16 40 13
70 51 25 51 23
146 43 18 43 16 43 18
55 43 20 43 17
121 45 25 45 25 45 24
31 26 18
36 30 11 30 16
103 60 24 60 35
47 36 24
89 32 20 32 16 32 18
54 29 21 29 20 29 26
79 38 17 38 19 38 20
39 29 13 29 13
46 31 11 31 12 31 12
70 52 34 52 35
173 36 20 36 14 36 14
53 33 18
96 32 24 32 22 32 22
49 37 27
95 65 32 65 32
67 43 25 43 21
134 53 30 53 28 53 24
260 81 69 81 47 81 60
106 58 26 58 29 58 25
58 22 12 22 11 22 14
77 48 31 48 33
57 27 13 27 17 27 18
70 58 32
104 38 20 38 24
67 50 31 50 22
55 34 22 34 17 34 22
42 29 13 29 12
92 34 21 34 25
292 174 90
62 32 14 32 13 32 11
46 42 16 42 11
69 47 21 47 23
183 29 18 29 15 29 15
120 53 25 53 33
51 36 20
105 47 19 47 11 47 12
64 33 21 33 15 33 15
35 28 11 28 14
56 34 15 34 13 34 18
55 40 23 40 24
115 75 42
56 29 15 29 13
61 51 16 51 15 51 20
54 37 17 37 18
46 34 15 34 24
34 22 13 22 13
55 38 22
84 31 17 31 14 31 17
110 31 14 31 14 31 16
116 91 39 91 19
39 22 13 22 13
96 34 23 34 23 34 21
42 31 12 31 13 31 16
52 43 23 43 23
49 32 11 32 12
75 51 42
55 29 12 29 11 29 13
60 37 24 37 26
114 49 21 49 21 49 22
32 27 19
97 35 24 35 27 35 27
45 36 19
80 56 25
72 47 25 47 24
57 36 20 36 18
140 28 17 28 12 28 17
74 36 20 36 25
41 29 11 29 16 29 17
28 21 13 21 11
115 59 11 59 20
139 31 20 31 20
263 116 80
65 43 17 43 20
200 76 23 76 64 76 51
47 33 17 33 13
48 36 18 36 12
89 43 31 43 31
116 57 24
45 35 20 35 19
49 42 33
117 48 31 48 27 48 45
85 31 16 31 12 31 19
48 38 21 38 17
72 51 28
48 33 16 33 20
35 26 19
116 68 20 68 17
82 48 18 48 22 48 22
39 28 14
75 30 16 30 21 30 20
38 25 13 25 11
131 88 19 88 20 88 17
45 30 11 30 13
110 30 23 30 16 30 19
187 119 76 119 65
160 28 15 28 19 28 17
38 26 14 26 14
67 32 16 32 20
73 44 15 44 15
47 32 21
51 34 17 34 18 34 18
212 36 34 36 24 36 43
119 82 36 82 24 82 20
73 51 14 51 17
77 45 18 45 19
77 39 15 39 23 39 20
78 39 18 39 18 39 18
47 38 23
43 28 12 28 11 28 11
56 25 15 25 12 25 15
70 45 22 45 27
73 50 31
81 68 28 68 34
56 46 19
128 43 26 43 26 43 20
41 30 11 30 14 30 14
47 22 12 22 11 22 12
56 30 12 30 12 30 17
47 33 15 33 12
98 78 40 78 50
72 36 18 36 19 36 21
91 75 32 75 35
53 36 14 36 18
43 28 13 28 21
115 53 44 53 32
54 26 19
49 35 19 35 17
64 29 17 29 15 29 13
76 25 14 25 13
145 28 22 28 24 28 27
40 25 16
63 35 15 35 12 35 16
111 46 30 46 26 46 32
98 54 28 54 31
41 26 12 26 13
72 48 19 48 16 48 19
167 35 24 35 25
55 35 20
63 34 21 34 22
33 23 12 23 14
269 104 56
85 43 19 43 22
61 30 15 30 15
85 37 22 37 17 37 21
32 25 15
105 52 22 52 17 52 21
70 30 15 30 16
138 50 14 50 19 50 19
89 35 26 35 23
201 120 60
74 20 18 20 17 20 12
42 26 15 26 12 26 15
55 40 26 40 23
34 23 13 23 14
132 35 17 35 17 35 17
108 59 34 59 34
35 22 15
40 30 13 30 14 30 12
91 43 23 43 20 43 20
54 23 14 23 14 23 11
61 45 25 45 25
93 35 20 35 19
114 53 17 53 17 53 15
27 19 11
63 32 13 32 13 32 15
103 35 29 35 27 35 32
67 33 14 33 12
49 36 14 36 16 36 17
137 48 21 48 26
135 27 18 27 15 27 16
70 46 22 46 23 46 24
31 23 19
52 27 16
125 64 31 64 31
75 38 11 38 26 38 22
111 52 21 52 19 52 18
38 25 19 25 20
175 114 78 114 73
38 29 13 29 13
82 44 18 44 19 44 23
53 43 27
98 36 18 36 19 36 22
62 35 15 35 18
100 56 38 56 29
47 26 13 26 13 26 16
68 39 13 39 13
75 57 31 57 23
41 28 14 28 12
61 43 14 43 14 43 13
43 30 15 30 14
48 38 18
168 97 45 97 59
55 44 27
97 52 36 52 34 52 29
74 17 15 17 12 17 13
58 34 13 34 14 34 15
55 29 16 29 17
41 18 11
34 26 11 26 11 26 14
60 46 24
40 31 13 31 12
205 30 17 30 17 30 15
59 46 22 46 17
41 22 11 22 15 22 14
112 58 28 58 35
191 63 20 63 36 63 22 63 51
71 32 17 32 12 32 18
41 29 11
93 36 19 36 19 36 21
47 29 11 29 11
117 78 51 78 32
47 35 14 35 16
195 48 36 48 25
40 27 12 27 13
69 41 26
51 28 12 28 11 28 12 28 12
92 40 20 40 19 40 29
96 32 23 32 23 32 28
40 26 16 26 17
54 41 22
63 36 13 36 20 36 12
34 29 14
41 35 18
84 31 21 31 13 31 21
98 34 21 34 16 34 20 34 17
56 39 14
91 57 34 57 30
60 39 16 39 12 39 11
74 43 14 43 13
155 78 29 78 28 78 29
48 18 12 18 11 18 11
119 65 25 65 36 65 39
39 25 13 25 20
104 80 26 80 32
56 21 11 21 11 21 12 21 15
77 45 19
156 57 31 57 39 57 38
62 44 23
40 34 14 34 14
61 41 23
68 30 12 30 17 30 12
68 17 18 17 14 17 15
259 101 28 101 35
170 67 44 67 39 67 43
47 29 11 29 20
54 34 15 34 23
104 40 17 40 22 40 25
181 86 37 86 26 86 22
65 47 18 47 23
87 77 42 77 39
124 64 31 64 33
55 32 21 32 21
139 88 36 88 44
118 68 45 68 31
68 32 13 32 17 32 14
39 29 14 29 16
69 65 31 65 33
55 30 17 30 18 30 18
85 37 17 37 11 37 20
70 33 12 33 21 33 22
168 120 64 120 42
60 45 25 45 24
187 50 32 50 33 50 26
41 31 22
68 44 23 44 23
131 74 21 74 35
97 73 22 73 49
139 78 46
34 20 12 20 11
132 54 27 54 31 54 30
47 35 17 35 15
169 31 18 31 23 31 20
38 29 11 29 19
96 52 18 52 13 52 20
52 34 20
35 27 16 27 17
94 66 31 66 27 66 29
152 98 55 98 47
83 63 25 63 29
148 60 42 60 36 60 42
46 32 13 32 18
56 38 16
61 43 13 43 15 43 20
47 30 15 30 12 30 17
37 24 14 24 18
184 65 61 65 20 65 18 65 29
38 30 15
56 44 31
149 97 31 97 43 97 54
53 27 13
79 38 20 38 15
134 58 36 58 33
89 65 21 65 35
36 29 16 29 13
32 24 11 24 13
94 71 47 71 42
50 22 13 22 14 22 14
104 71 33 71 25
46 31 16 31 16
49 34 17
51 32 18 32 23
87 47 24 47 19 47 43
75 45 21 45 27
119 32 14 32 18 32 14
63 47 35
69 53 32 53 27
57 19 12 19 11 19 12 19 12
69 47 25
118 69 27 69 26 69 35
53 30 16 30 17 30 17
26 19 13
99 47 23 47 23 47 25
65 27 14 27 12 27 26
67 40 11 40 12 40 13
39 24 18 24 15
44 29 19 29 22
33 26 13 26 13
48 28 12 28 11 28 11
82 41 16 41 16 41 14
69 56 16 56 15 56 14
133 31 19 31 16 31 21
40 28 16 28 16
201 39 20 39 12 39 18
53 25 13 25 13
170 101 68 101 50
107 28 13 28 17 28 18
96 48 28 48 14 48 15
39 25 11 25 12
59 39 21 39 15 39 17
69 31 19 31 13
27 16 14
109 74 32
50 22 11 22 13 22 12
75 39 17
148 58 35 58 34 58 29
153 39 23 39 14 39 26
20 16 11
169 47 22 47 22 47 41
47 38 22 38 24
78 35 20 35 21 35 19
61 40 15 40 17
97 46 22 46 20 46 18
46 30 16 30 15
41 21 16
160 51 21 51 17
83 52 27 52 26 52 25
49 36 18 36 15 36 13
55 36 15 36 14
61 51 30
79 30 15 30 17 30 13 30 17
28 19 11
56 42 21
48 26 17 26 14 26 17
42 29 14 29 15
40 30 13 30 18
52 29 14 29 15
63 50 36
67 43 23
69 51 28 51 28
47 27 16 27 12 27 16
131 91 31 91 35 91 35
104 46 30 46 29 46 36
80 66 20 66 32
40 21 16
67 57 27 57 22
35 24 15 24 16
191 38 13 38 13 38 16 38 15
59 49 27
82 70 46 70 29
111 74 30 74 32
38 32 18
40 26 21 26 20
155 43 23 43 26 43 32
35 23 13 23 12
83 70 29 70 40
62 27 15 27 18 27 15
138 70 45 70 30 70 24
42 35 16 35 19
75 43 11 43 14
134 71 42 71 38
182 24 20 24 11 24 15
48 28 18
27 19 11
62 47 25 47 21
56 29 20 29 16 29 19
105 76 33 76 39
97 32 22 32 18 32 20
54 38 18 38 31
48 29 22
138 35 12 35 12 35 12
59 46 24
34 26 12
189 85 42 85 48 85 38
60 45 29 45 26
51 32 18 32 14 32 11
84 42 20 42 30
55 43 25 43 20
101 69 25
47 31 17 31 19 31 18
40 32 16 32 19
76 53 34
46 28 12 28 13 28 15
62 37 13 37 12 37 16
45 23 11 23 11
78 63 29 63 24
47 31 17 31 16 31 16
54 29 12 29 14 29 15 29 15
91 62 34 62 36
87 57 25 57 30
100 38 18 38 18 38 21
38 27 17 27 14 27 11
44 26 11 26 11
54 32 23
82 47 13 47 17 47 21
98 66 13 66 30 66 28
44 26 14 26 17
61 45 24
104 40 17 40 23 40 20
90 49 17 49 11 49 17
30 26 11 26 11
45 27 11 27 11
33 26 14 26 16
56 29 17 29 17 29 15
53 37 21
45 31 16 31 16
82 39 28 39 23 39 23
54 36 17 36 18
109 64 26 64 33
62 28 14 28 14 28 15
62 44 26 44 28
117 43 29 43 32
83 44 19 44 21
67 47 30
75 60 30 60 31
64 20 11 20 13 20 16
132 54 22 54 20 54 27 54 29
72 31 16 31 13 31 11
89 50 27 50 29
67 45 15
75 47 26 47 22
101 85 52
97 65 40 65 41
65 24 15 24 16
55 46 18 46 26
75 54 20 54 20
204 114 50 114 24 114 55
47 33 17 33 17
49 31 15 31 13
180 47 24 47 31 47 39
76 43 34 43 32
65 36 13 36 16
71 39 15 39 23 39 29
32 22 13
131 73 39 73 48
161 65 36 65 30 65 39
107 33 16 33 21
111 65 31
99 28 11 28 11 28 11
46 29 13 29 11 29 15
62 43 14 43 16 43 14 43 15
83 51 24 51 28 51 29
105 59 27 59 33 59 35
58 38 27
100 36 22 36 20 36 20
103 51 25 51 24
36 26 18
49 31 13 31 14
61 48 16 48 19
76 31 16 31 16 31 16
47 39 26
33 19 12
45 30 19 30 12
49 42 21 42 19
81 63 23 63 20 63 21
54 35 11 35 11 35 26
95 62 34 62 23
33 23 14 23 12
117 37 29 37 26 37 27
