131
110
39
52
122
39
103
146
81
75
48
41
54
62
99
158
38
82
84
129
76
47
81
81
139
69
82
70
44
35
45
33
196
237
61
45
61
104
132
75
294
54
76
39
90
87
40
110
126
38
107
159
40
169
136
46
238
34
77
80
33
50
68
105
49
98
99
58
224
148
49
110
60
38
83
52
33
144
40
33
70
34
70
48
53
100
194
126
46
147
62
125
49
91
33
32
54
66
69
101
125
34
37
31
97
66
72
73
67
49
56
91
43
67
84
35
112
40
63
100
76
68
68
47
167
196
122
233
54
112
161
49
96
168
115
199
40
103
105
48
55
42
49
85
62
57
85
279
38
47
39
47
48
48
55
109
138
51
136
164
91
67
73
48
44
106
54
77
46
101
49
27
161
237
125
67
77
34
90
55
52
101
51
138
164
42
28
161
94
172
65
45
60
46
24
47
47
84
32
55
57
227
81
124
109
67
96
69
61
40
39
103
98
42
55
90
123
101
96
71
52
145
69
73
91
101
143
46
54
52
109
55
75
255
101
66
67
182
60
66
49
52
61
46
31
50
61
111
83
108
46
118
84
41
45
286
84
42
76
54
32
56
169
33
107
48
74
182
48
75
140
97
119
76
60
25
70
60
48
68
51
52
67
75
46
74
45
42
145
135
40
42
135
70
89
53
49
272
258
159
46
87
239
39
207
256
62
62
135
53
48
45
117
87
47
132
64
96
62
104
28
123
40
35
77
116
97
117
191
34
131
216
91
62
72
54
41
117
35
42
48
67
62
46
55
101
81
52
51
84
39
56
63
42
40
60
50
134
146
54
98
131
78
32
90
163
70
49
35
52
125
31
39
103
83
156
90
49
158
71
42
127
64
98
57
49
44
48
87
85
284
108
46
179
41
48
89
65
96
38
121
44
114
50
84
56
30
82
95
142
48
98
54
66
54
100
101
91
61
82
45
87
33
43
64
63
68
84
102
130
31
41
68
180
147
180
237
39
57
68
132
174
117
35
105
36
42
38
164
77
225
58
100
103
47
45
89
54
117
48
68
61
108
48
138
49
118
69
255
80
83
49
70
52
256
40
47
168
49
133
54
77
85
143
65
156
77
45
117
78
111
112
45
40
78
242
64
82
32
82
54
57
72
141
62
63
72
133
23
234
48
216
60
62
46
52
69
45
145
48
64
47
38
171
41
166
118
46
68
150
62
53
90
103
68
67
178
83
161
39
76
52
93
271
76
42
62
255
36
41
82
62
66
70
56
68
49
136
259
33
34
130
39
41
67
174
32
91
104
131
94
140
117
83
117
163
98
223
44
131
103
119
31
52
38
56
104
76
25
180
60
81
83
35
69
83
104
41
41
200
51
34
47
263
109
53
52
122
38
156
31
98
110
33
38
83
89
51
153
30
67
153
196
113
66
116
67
112
120
46
106
48
107
146
69
223
146
42
162
53
34
47
204
67
77
63
83
100
59
119
184
71
37
125
69
65
125
79
71
60
104
76
52
85
94
40
42
32
140
40
131
167
37
38
54
125
104
47
63
77
77
61
38
52
37
94
154
75
53
46
46
34
49
47
76
168
92
63
75
98
215
144
31
72
49
69
63
49
23
206
45
28
52
94
81
50
68
40
66
36
84
42
32
53
61
72
33
65
248
42
41
48
189
75
84
112
49
100
278
113
62
60
60
154
53
216
112
47
225
72
56
104
184
187
39
111
55
63
60
96
67
42
238
82
84
96
54
66
186
49
76
105
52
139
103
46
47
103
40
52
76
109
111
168
56
181
199
119
42
62
49
54
82
73
264
179
26
94
62
39
108
77
111
37
73
41
181
43
166
92
74
35
54
135
132
96
53
89
101
85
108
46
82
40
42
154
89
96
147
45
90
77
202
218
128
59
39
112
34
32
35
81
159
49
111
89
49
52
35
164
66
34
61
34
35
32
83
47
97
49
66
53
98
54
69
90
40
47
188
96
68
42
169
83
215
47
157
167
39
82
44
61
67
116
63
80
65
47
97
40
112
84
74
73
45
31
54
112
293
243
132
52
63
116
77
133
42
56
80
118
28
35
91
82
41
40
65
80
110
42
101
167
187
265
83
76
55
252
76
82
54
40
39
49
104
60
53
104
171
69
175
34
68
148
64
164
117
98
35
140
47
57
90
87
75
95
52
62
43
47
136
62
74
23
133
43
40
209
166
35
35
145
83
104
175
41
142
152
47
42
72
160
42
38
43
145
41
135
138
53
42
42
38
100
136
141
144
39
63
136
45
46
40
54
42
59
52
151
50
136
45
28
124
48
43
108
77
77
188
33
40
294
102
83
42
149
37
74
47
34
73
57
78
168
145
49
32
49
75
118
53
49
52
186
63
117
98
55
49
112
148
138
192
41
63
54
28
35
111
46
42
91
38
41
70
42
90
67
50
38
182
92
53
80
59
82
175
39
75
91
100
34
42
84
77
25
52
174
60
49
83
64
203
42
219
105
75
117
131
111
27
166
34
98
111
55
100
31
73
43
230
152
229
49
62
34
67
42
170
202
78
43
63
244
74
47
40
68
124
48
91
35
122
76
28
35
83
103
125
147
32
102
145
54
28
83
54
38
111
73
111
69
56
38
245
105
64
47
82
66
178
56
41
83
192
50
140
38
63
103
149
54
70
94
83
62
91
47
79
54
77
168
94
74
54
49
67
54
72
116
26
132
32
224
135
38
81
52
271
39
78
34
80
92
40
118
34
111
55
159
46
58
87
63
111
82
28
158
90
50
100
33
105
251
34
62
36
103
77
115
57
62
48
158
177
65
56
62
33
155
118
41
38
114
62
72
148
41
31
123
126
33
178
35
41
135
87
143
39
45
104
35
174
174
46
208
69
60
114
196
175
56
59
75
52
118
31
33
50
257
67
48
67
35
37
47
67
49
33
63
84
62
76
36
164
143
41
48
91
104
169
77
56
53
229
92
52
48
61
80
34
117
55
187
41
89
166
117
28
173
175
95
53
69
41
92
42
153
33
37
150
103
125
47
73
36
53
94
70
40
69
141
148
93
73
35
199
223
84
68
115
75
57
99
135
189
126
34
108
38
64
77
45
49
54
81
53
74
62
154
96
44
54
43
106
41
61
34
65
219
41
45
62
69
32
136
225
102
28
48
30
42
132
131
201
46
102
99
45
147
98
244
64
101
145
56
91
38
53
173
35
39
68
102
173
104
110
38
56
137
66
49
28
35
42
35
103
96
123
59
133
28
72
104
115
67
70
62
163
42
80
33
68
96
96
82
118
58
35
70
163
39
122
38
66
132
106
60
118
40
52
182
111
239
76
39
63
47
63
63
111
152
41
68
63
55
25
82
72
45
133
77
142
104
58
62
46
47
238
69
91
96
94
56
202
56
241
52
24
76
80
55
66
36
34
48
61
127
55
55
41
40
82
31
39
140
111
47
57
52
217
119
222
221
63
110
103
109
47
38
39
75
141
161
184
101
93
115
74
74
48
56
110
104
84
140
111
185
65
69
61
132
61
30
115
41
40
60
53
234
57
105
61
100
152
63
38
54
221
115
33
81
112
101
37
63
165
189
52
107
154
283
62
145
62
132
115
111
31
89
49
44
53
35
47
33
102
86
40
39
84
128
43
84
70
87
185
63
66
67
40
116
72
55
62
230
176
54
186
68
64
83
108
111
68
118
103
150
230
41
66
47
105
127
68
63
77
66
96
119
48
111
223
33
42
53
70
60
53
233
111
77
102
114
54
259
47
33
108
87
90
159
35
38
160
236
68
81
66
80
54
76
62
35
55
75
97
62
127
108
66
235
68
83
61
41
33
24
75
105
76
66
43
114
40
93
91
167
161
103
49
75
68
40
153
196
147
59
68
104
62
80
37
47
40
44
137
54
41
46
42
103
62
164
70
64
46
60
70
74
82
45
80
52
53
40
48
34
59
47
46
55
70
40
32
65
67
115
69
78
194
111
42
62
33
49
218
76
72
68
50
28
138
31
108
131
227
113
49
28
79
102
50
85
39
48
98
60
33
74
60
95
66
66
233
67
52
118
51
110
63
37
64
83
125
33
49
222
46
33
88
84
108
90
72
69
70
118
63
104
270
103
218
173
35
40
45
49
131
56
50
96
128
42
35
39
135
61
68
104
96
35
40
82
91
55
194
68
110
161
105
72
95
62
55
76
64
40
62
84
46
49
101
41
28
50
116
82
40
83
160
80
55
33
68
62
38
40
131
40
117
63
53
84
109
47
105
65
139
45
84
40
76
67
214
138
240
54
56
27
54
53
19
191
52
165
161
159
73
56
118
69
39
285
32
62
54
290
49
35
188
45
48
125
55
106
200
39
195
62
27
42
74
91
40
130
21
163
82
46
62
48
32
96
81
62
99
52
259
158
158
41
48
90
84
273
46
139
52
146
62
39
74
46
63
231
31
140
42
117
166
171
40
171
47
152
90
217
31
65
49
63
54
55
101
82
63
118
90
68
53
48
65
34
75
253
101
92
54
249
139
92
77
148
66
104
53
32
83
53
156
56
98
60
137
84
63
87
135
140
48
77
96
214
77
33
123
57
138
133
75
40
295
138
38
116
34
56
188
88
31
75
112
70
116
34
55
47
78
49
98
82
154
26
83
85
79
47
52
90
35
149
224
87
68
71
46
107
126
56
48
110
40
192
40
154
75
169
77
96
67
114
62
158
55
128
130
81
41
95
127
45
117
62
81
104
57
83
54
45
147
61
49
76
117
76
42
248
75
37
104
60
194
58
132
42
162
82
47
67
55
68
179
153
77
50
31
52
73
173
190
195
136
76
68
117
236
39
89
87
26
70
66
80
101
124
46
34
42
69
56
59
168
140
55
125
46
64
166
35
145
125
47
63
47
177
115
110
40
53
49
203
39
124
49
33
51
112
203
231
159
34
47
41
216
54
60
140
45
73
158
263
228
25
34
162
117
66
58
52
41
74
36
78
173
39
49
83
41
121
38
82
62
221
96
111
124
70
93
70
54
286
206
77
107
77
141
181
40
210
42
34
113
38
46
62
98
70
42
48
42
55
158
70
82
52
70
43
59
137
39
75
67
112
132
34
108
145
35
44
57
50
35
47
167
102
40
77
68
43
89
45
222
63
62
121
79
86
215
77
35
53
60
41
84
62
126
40
40
125
110
170
150
61
143
100
70
101
41
60
112
174
76
73
60
28
40
32
62
34
39
61
161
98
132
103
60
82
68
102
146
278
25
159
202
50
57
69
39
49
54
77
97
119
253
71
111
38
131
90
188
62
45
76
103
159
52
96
42
91
104
57
61
259
156
77
91
63
66
57
56
34
94
112
103
136
51
103
184
84
60
118
96
89
75
74
77
63
78
179
76
248
76
55
159
97
54
79
70
62
70
112
63
69
74
175
139
42
41
96
105
31
221
187
88
274
73
83
53
52
122
35
231
32
31
297
82
60
63
89
174
70
80
35
35
35
70
34
206
224
264
64
56
55
54
33
38
96
175
54
33
90
67
41
49
110
38
83
87
70
61
118
75
53
34
69
181
104
55
75
42
222
43
42
97
55
62
68
41
193
115
115
41
54
128
34
98
159
126
53
66
254
34
84
179
36
63
77
62
125
54
113
67
57
185
50
55
132
64
69
51
75
122
46
38
213
45
54
45
80
67
70
49
73
152
52
52
35
217
60
49
57
235
39
186
46
61
69
26
46
48
79
58
47
126
111
64
27
94
125
148
27
36
167
38
88
80
66
46
101
105
60
54
77
33
201
75
25
108
48
56
48
71
144
95
48
34
153
65
159
73
99
42
89
147
41
56
75
54
50
35
45
257
119
47
34
47
75
40
83
50
45
175
62
144
32
75
124
67
154
125
49
42
160
85
52
46
74
114
77
34
101
39
81
91
28
48
34
31
53
105
81
66
95
137
171
48
34
39
70
63
76
171
98
98
105
101
39
88
61
90
55
33
70
47
120
44
84
49
104
56
73
110
117
222
32
34
188
69
138
66
240
62
33
144
160
47
70
159
33
94
96
48
32
50
231
47
28
258
63
35
108
73
45
73
35
70
91
98
68
67
53
211
35
73
70
98
32
142
68
192
172
97
78
34
41
47
51
124
181
77
63
89
46
54
89
48
47
75
32
155
111
56
54
42
118
33
42
100
123
73
60
56
129
78
119
180
31
82
74
74
37
82
34
83
41
144
165
102
230
49
109
76
34
31
34
124
153
51
124
154
109
47
182
109
97
28
84
104
40
224
33
47
84
32
139
49
76
45
40
53
140
42
42
158
68
64
76
58
154
76
63
45
179
74
66
73
108
35
54
69
228
82
47
70
110
168
61
44
161
35
84
45
85
101
156
66
83
57
110
75
47
59
48
92
48
159
89
112
69
175
55
50
222
35
123
139
34
50
38
47
62
46
41
28
34
74
146
183
106
53
39
93
279
66
93
142
40
55
47
55
114
108
62
81
78
75
41
117
84
46
45
87
123
39
32
38
260
149
87
47
32
39
51
42
67
148
132
69
42
40
32
135
95
40
138
195
40
78
67
169
53
104
61
48
63
26
132
88
40
39
31
280
25
32
42
283
47
220
33
111
131
41
106
47
41
25
132
185
98
40
48
40
39
47
105
139
199
69
54
48
124
35
119
108
62
77
41
75
47
55
49
90
47
33
40
35
98
92
145
104
75
103
72
55
146
58
67
62
41
126
79
130
75
41
42
118
96
41
51
33
152
133
62
49
38
65
48
69
86
46
75
67
112
109
117
88
55
102
133
57
20
143
90
31
238
185
25
138
39
34
53
66
54
140
118
110
41
139
84
42
93
217
90
118
123
145
166
69
97
133
180
108
38
31
33
103
154
63
46
54
54
62
70
55
53
42
68
81
63
145
75
41
48
55
124
85
49
167
74
40
40
54
42
76
46
78
57
98
54
59
84
35
144
42
55
49
69
199
40
76
118
115
68
31
82
76
37
53
55
94
38
69
67
40
123
75
71
41
40
77
68
96
141
77
69
75
34
112
34
55
35
98
69
77
93
103
282
119
57
45
48
173
64
39
49
35
55
38
84
46
63
62
195
46
179
159
113
77
92
60
48
230
159
47
79
52
83
65
40
115
157
53
31
75
250
54
208
114
54
112
194
39
98
41
55
81
34
83
32
50
45
67
63
172
31
42
126
84
40
53
67
60
35
45
92
174
192
52
108
39
40
37
87
161
42
125
48
84
83
82
62
168
216
75
65
71
111
35
106
85
48
286
165
49
52
55
48
70
50
167
41
76
60
137
82
41
95
122
96
105
92
75
27
76
184
114
98
42
47
75
54
68
39
20
67
112
46
55
105
49
140
63
185
40
153
44
68
45
95
40
131
32
54
55
63
86
159
68
111
99
66
35
46
34
48
48
96
146
42
54
52
65
49
218
124
124
104
51
96
248
38
52
125
54
126
82
61
136
68
55
240
266
77
126
119
87
56
298
42
146
167
51
33
78
53
47
51
21
51
102
55
196
41
147
138
62
62
42
31
159
79
153
42
46
48
72
194
55
44
96
104
34
51
41
97
162
122
60
52
42
35
99
45
111
61
63
89
127
154
128
152
102
40
122
84
39
45
66
94
231
46
41
53
94
129
100
47
142
140
104
122
45
50
91
144
56
103
51
42
42
183
68
45
54
111
232
54
167
52
38
248
153
54
156
82
139
28
118
77
83
151
76
42
117
94
64
33
188
81
145
175
72
35
65
115
70
32
63
82
48
35
40
49
153
75
163
83
103
49
48
67
74
110
45
84
262
34
199
84
67
76
70
170
50
64
118
79
44
68
45
34
107
108
159
62
42
116
42
132
71
42
78
66
99
76
117
87
90
40
112
126
98
40
40
68
109
104
78
35
83
95
82
48
54
70
41
33
31
158
70
117
54
230
69
48
154
131
27
52
98
51
31
43
55
53
65
72
108
70
31
286
33
41
229
38
157
140
39
221
46
54
62
75
64
113
85
87
54
24
50
95
137
35
122
61
35
235
76
42
83
50
38
237
55
112
56
55
96
161
56
66
110
174
270
40
76
40
92
108
79
98
56
74
133
62
48
132
42
62
129
53
80
60
35
71
83
146
57
76
57
98
49
53
172
75
54
30
60
70
57
55
96
75
77
42
61
52
32
45
55
36
98
62
40
167
115
35
138
133
76
66
74
76
91
49
133
40
62
48
39
214
126
180
39
67
116
45
87
46
124
66
24
73
49
94
95
46
77
112
283
138
104
76
44
83
138
66
63
99
91
70
34
130
55
65
83
111
51
187
34
31
83
77
145
53
45
185
98
145
45
167
65
33
130
94
192
47
139
87
164
57
48
27
66
48
71
157
66
53
143
67
39
258
66
70
100
41
109
46
61
60
67
56
62
35
77
53
264
184
39
41
55
94
32
136
51
119
39
35
100
122
68
59
30
54
62
51
128
119
84
111
82
87
75
151
35
30
168
130
278
96
33
124
55
71
34
60
55
117
69
209
103
39
61
62
35
28
98
168
66
46
81
91
124
49
262
132
61
24
60
174
109
51
47
110
48
124
68
34
187
74
112
99
105
76
42
69
44
41
54
55
56
48
47
36
49
98
44
55
208
75
95
195
80
41
62
197
49
39
49
292
45
37
77
48
170
103
35
53
104
45
77
48
73
251
84
87
103
75
166
124
55
76
176
70
97
26
69
50
49
217
65
33
64
223
42
48
41
104
48
110
102
136
48
64
32
61
44
41
42
34
34
35
90
93
264
86
81
214
112
96
135
132
49
55
60
89
87
124
91
118
152
67
72
83
49
132
76
106
42
38
147
107
79
49
150
30
273
35
55
140
38
38
132
92
43
98
56
47
91
41
188
298
52
147
35
150
75
70
38
28
174
95
35
283
35
96
43
125
145
91
53
34
118
100
34
230
71
62
167
48
53
47
46
39
110
58
69
174
52
28
151
85
59
48
61
44
96
116
49
47
63
112
47
41
134
32
93
160
41
53
105
140
33
68
53
52
59
63
202
34
61
46
221
61
91
98
124
118
95
33
155
32
48
73
57
35
179
67
69
49
91
63
42
136
25
56
127
96
49
139
35
38
108
62
63
66
70
61
76
159
60
46
67
171
98
109
65
42
83
82
293
159
55
45
81
59
33
54
37
62
76
31
75
82
73
67
55
79
43
55
97
53
55
92
139
165
35
41
124
42
60
90
56
32
42
201
174
39
49
53
49
124
98
214
55
73
151
104
54
167
61
73
97
52
61
76
111
35
80
39
53
114
47
35
111
63
75
245
110
40
60
38
136
176
52
215
102
57
81
81
47
116
42
45
51
88
102
72
54
124
287
40
42
25
26
68
40
47
27
150
78
83
129
40
76
154
91
110
98
47
126
52
180
64
291
75
74
143
49
264
42
118
90
113
63
300
176
52
38
47
167
39
69
41
75
142
32
70
97
32
48
103
70
86
61
217
41
91
82
82
38
40
72
165
69
47
54
118
33
73
130
58
154
54
34
21
64
104
27
132
42
58
195
120
28
84
88
98
149
72
76
38
98
124
156
105
36
174
74
40
82
50
122
61
38
34
94
111
48
110
88
48
28
40
53
69
161
49
55
224
74
61
128
111
139
236
39
132
54
106
95
22
68
81
142
264
85
38
33
33
110
32
61
39
134
109
95
40
77
33
38
167
25
64
56
217
65
48
39
45
36
228
48
35
124
141
60
91
42
247
128
75
49
84
68
42
46
118
49
61
87
38
50
102
96
107
49
41
117
102
67
61
35
70
39
115
32
220
33
179
70
47
94
130
40
28
84
40
48
39
109
217
63
39
33
104
48
31
48
45
47
47
42
68
61
37
41
258
39
126
49
48
42
75
63
41
55
65
131
51
24
145
28
52
68
82
95
142
60
168
49
43
52
32
35
90
60
111
126
69
82
39
96
28
67
238
69
69
54
37
48
138
75
83
42
48
80
158
78
138
56
45
128
77
40
165
132
235
61
58
69
86
154
69
131
41
63
63
67
42
85
53
35
62
98
98
49
73
68
116
149
46
57
110
97
46
55
46
110
76
165
53
76
280
123
68
62
73
48
40
55
49
292
54
55
36
53
44
75
125
40
31
108
53
134
36
131
60
161
52
114
127
157
40
61
70
94
97
48
55
82
116
196
84
47
69
47
32
38
48
73
53
180
98
80
66
91
36
52
52
87
45
187
164
84
67
52
285
33
42
127
75
34
60
104
39
48
119
105
66
92
91
41
68
55
34
64
38
61
117
77
54
45
